00:44:31 UID PID %usr %system %guest %wait %CPU CPU Command
00:44:32 1000 12002 1,00 0,00 0,00 0,00 1,00 0 lab
00:44:33 1000 12002 1,00 0,00 0,00 0,00 1,00 0 lab
00:44:34 1000 12002 1,00 1,00 0,00 0,00 2,00 0 lab
00:44:35 1000 12002 1,00 0,00 0,00 0,00 1,00 0 lab
00:44:36 1000 12002 0,00 0,00 0,00 0,00 0,00 0 lab
00:44:37 1000 12002 1,00 0,00 0,00 0,00 1,00 0 lab
00:44:38 1000 12002 1,00 0,00 0,00 0,00 1,00 0 lab
00:44:39 1000 12002 1,00 0,00 0,00 0,00 1,00 0 lab
00:44:40 1000 12002 0,00 37,00 0,00 0,00 37,00 0 lab
00:44:41 1000 12002 0,00 11,00 0,00 0,00 11,00 0 lab
00:44:42 1000 12002 0,00 0,00 0,00 0,00 0,00 0 lab
00:44:43 1000 12002 0,00 0,00 0,00 0,00 0,00 0 lab
00:44:44 1000 12002 0,00 0,00 0,00 0,00 0,00 0 lab
00:44:45 1000 12002 8,00 1,00 0,00 0,00 9,00 0 lab
00:44:46 1000 12002 100,00 0,00 0,00 0,00 100,00 0 lab
00:44:47 1000 12002 99,00 0,00 0,00 0,00 99,00 0 lab
00:44:48 1000 12002 100,00 0,00 0,00 0,00 100,00 0 lab
00:44:49 1000 12002 100,00 0,00 0,00 0,00 100,00 0 lab
00:44:50 1000 12002 99,00 0,00 0,00 0,00 99,00 0 lab
00:44:51 1000 12002 99,00 0,00 0,00 0,00 99,00 0 lab
00:44:52 1000 12002 99,00 0,00 0,00 0,00 99,00 0 lab
00:44:53 1000 12002 100,00 0,00 0,00 0,00 100,00 0 lab
00:44:54 1000 12002 92,00 0,00 0,00 0,00 92,00 0 lab
00:44:55 1000 12002 0,99 0,00 0,00 0,00 0,99 0 lab
00:44:56 1000 12002 1,00 0,00 0,00 0,00 1,00 0 lab
00:44:57 1000 12002 2,00 15,00 0,00 0,00 17,00 0 lab
00:44:58 1000 12002 0,00 26,00 0,00 0,00 26,00 0 lab
00:44:59 1000 12002 0,00 0,00 0,00 0,00 0,00 0 lab
00:45:00 1000 12002 0,00 0,00 0,00 0,00 0,00 0 lab
00:45:01 1000 12002 0,00 0,00 0,00 0,00 0,00 0 lab
00:45:02 1000 12002 0,00 0,00 0,00 0,00 0,00 0 lab
00:45:03 1000 12002 0,00 0,00 0,00 0,00 0,00 0 lab
00:45:04 1000 12002 0,00 1,00 0,00 0,00 1,00 0 lab
00:45:05 1000 12002 1,00 0,00 0,00 0,00 1,00 0 lab
00:45:06 1000 12002 1,00 0,00 0,00 0,00 1,00 0 lab
00:45:07 1000 12002 1,00 0,00 0,00 0,00 1,00 0 lab
00:45:08 1000 12002 0,00 0,00 0,00 0,00 0,00 0 lab
00:45:09 1000 12002 10,00 0,00 0,00 0,00 10,00 0 lab
00:45:10 1000 12002 100,00 0,00 0,00 0,00 100,00 0 lab
00:45:11 1000 12002 100,00 0,00 0,00 0,00 100,00 0 lab
00:45:12 1000 12002 99,00 0,00 0,00 0,00 99,00 0 lab
00:45:13 1000 12002 100,00 0,00 0,00 0,00 100,00 0 lab
00:45:14 1000 12002 100,00 1,00 0,00 0,00 101,00 0 lab
00:45:15 1000 12002 70,00 17,00 0,00 0,00 87,00 0 lab
00:45:16 1000 12002 69,00 20,00 0,00 0,00 89,00 0 lab
00:45:17 1000 12002 97,00 1,00 0,00 0,00 98,00 0 lab
00:45:18 1000 12002 89,00 0,00 0,00 0,00 89,00 0 lab
00:45:19 1000 12002 1,00 0,00 0,00 0,00 1,00 0 lab
00:45:20 1000 12002 0,00 0,00 0,00 0,00 0,00 0 lab
00:45:21 1000 12002 0,00 0,00 0,00 0,00 0,00 0 lab
00:45:22 1000 12002 0,00 0,00 0,00 0,00 0,00 0 lab
00:45:23 1000 12002 1,00 0,00 0,00 0,00 1,00 0 lab
00:45:24 1000 12002 1,00 0,00 0,00 0,00 1,00 0 lab
00:45:25 1000 12002 1,00 0,00 0,00 0,00 1,00 0 lab
00:45:26 1000 12002 0,00 0,00 0,00 0,00 0,00 0 lab
00:45:27 1000 12002 1,00 1,00 0,00 0,00 2,00 0 lab
00:45:28 1000 12002 0,00 0,00 0,00 0,00 0,00 0 lab
00:45:29 1000 12002 1,00 0,00 0,00 0,00 1,00 0 lab
00:45:30 1000 12002 1,00 0,00 0,00 0,00 1,00 0 lab
00:45:31 1000 12002 1,00 0,00 0,00 0,00 1,00 0 lab
00:45:32 1000 12002 1,00 0,00 0,00 0,00 1,00 0 lab
00:45:33 1000 12002 5,00 43,00 0,00 0,00 48,00 0 lab
00:45:34 1000 12002 92,00 2,00 0,00 0,00 94,00 0 lab
00:45:35 1000 12002 99,00 1,00 0,00 0,00 100,00 0 lab
00:45:36 1000 12002 98,00 0,00 0,00 0,00 98,00 0 lab
00:45:37 1000 12002 100,00 0,00 0,00 0,00 100,00 0 lab
00:45:38 1000 12002 100,00 0,00 0,00 0,00 100,00 0 lab
00:45:39 1000 12002 99,00 0,00 0,00 0,00 99,00 0 lab
00:45:40 1000 12002 100,00 0,00 0,00 0,00 100,00 0 lab
00:45:41 1000 12002 99,01 0,00 0,00 0,00 99,01 0 lab
Average: 1000 12002 36,36 2,54 0,00 0,00 38,90 - lab
