11:02:15 UID PID kB_rd/s kB_wr/s kB_ccwr/s iodelay Command
11:02:16 1000 2120 0,00 0,00 0,00 0 lab
11:02:17 1000 2120 0,00 0,00 0,00 0 lab
11:02:18 1000 2120 0,00 0,00 0,00 0 lab
11:02:19 1000 2120 0,00 0,00 0,00 0 lab
11:02:20 1000 2120 0,00 0,00 0,00 0 lab
11:02:21 1000 2120 0,00 0,00 0,00 0 lab
11:02:22 1000 2120 0,00 0,00 0,00 0 lab
11:02:23 1000 2120 0,00 32896,00 0,00 0 lab
11:02:24 1000 2120 0,00 319572,00 0,00 0 lab
11:02:25 1000 2120 0,00 253740,00 0,00 0 lab
11:02:26 1000 2120 0,00 0,00 0,00 0 lab
11:02:27 1000 2120 0,00 0,00 0,00 0 lab
11:02:28 1000 2120 0,00 0,00 0,00 0 lab
11:02:29 1000 2120 0,00 0,00 0,00 0 lab
11:02:30 1000 2120 0,00 0,00 0,00 0 lab
11:02:31 1000 2120 0,00 0,00 0,00 0 lab
11:02:32 1000 2120 0,00 0,00 0,00 0 lab
11:02:33 1000 2120 0,00 0,00 0,00 0 lab
11:02:34 1000 2120 0,00 0,00 0,00 0 lab
11:02:35 1000 2120 0,00 0,00 0,00 0 lab
11:02:36 1000 2120 0,00 0,00 0,00 0 lab
11:02:37 1000 2120 0,00 0,00 0,00 0 lab
11:02:38 1000 2120 0,00 0,00 0,00 0 lab
11:02:39 1000 2120 0,00 0,00 0,00 0 lab
11:02:40 1000 2120 0,00 0,00 0,00 0 lab
11:02:41 1000 2120 0,00 0,00 0,00 0 lab
11:02:42 1000 2120 0,00 606208,00 62464,00 0 lab
11:02:43 1000 2120 0,00 0,00 0,00 0 lab
11:02:44 1000 2120 0,00 0,00 0,00 0 lab
11:02:45 1000 2120 0,00 0,00 0,00 0 lab
11:02:46 1000 2120 0,00 0,00 0,00 0 lab
11:02:47 1000 2120 0,00 0,00 0,00 0 lab
11:02:48 1000 2120 0,00 0,00 0,00 0 lab
11:02:49 1000 2120 0,00 0,00 0,00 0 lab
11:02:50 1000 2120 0,00 0,00 0,00 0 lab
11:02:51 1000 2120 0,00 0,00 0,00 0 lab
11:02:52 1000 2120 0,00 0,00 0,00 0 lab
11:02:53 1000 2120 0,00 0,00 0,00 0 lab
11:02:54 1000 2120 0,00 0,00 0,00 0 lab
11:02:55 1000 2120 0,00 0,00 0,00 0 lab
11:02:56 1000 2120 0,00 0,00 0,00 0 lab
11:02:57 1000 2120 0,00 0,00 0,00 0 lab
11:02:58 1000 2120 0,00 0,00 0,00 0 lab
11:02:59 1000 2120 0,00 589848,00 0,00 0 lab
11:03:00 1000 2120 0,00 16360,00 0,00 0 lab
11:03:01 1000 2120 0,00 0,00 0,00 0 lab
11:03:02 1000 2120 0,00 0,00 0,00 0 lab
11:03:03 1000 2120 0,00 0,00 0,00 0 lab
11:03:04 1000 2120 0,00 0,00 0,00 0 lab
11:03:05 1000 2120 0,00 0,00 0,00 0 lab
11:03:06 1000 2120 0,00 0,00 0,00 0 lab
11:03:07 1000 2120 0,00 0,00 0,00 0 lab
11:03:08 1000 2120 0,00 0,00 0,00 0 lab
11:03:09 1000 2120 0,00 0,00 0,00 0 lab
11:03:10 1000 2120 0,00 0,00 0,00 0 lab
11:03:11 1000 2120 0,00 0,00 0,00 0 lab
11:03:12 1000 2120 0,00 0,00 0,00 0 lab
11:03:13 1000 2120 0,00 0,00 0,00 0 lab
11:03:14 1000 2120 0,00 0,00 0,00 0 lab
11:03:15 1000 2120 0,00 0,00 0,00 0 lab
11:03:16 1000 2120 0,00 28828,00 0,00 0 lab
11:03:17 1000 2120 0,00 274276,00 0,00 0 lab
11:03:18 1000 2120 0,00 303104,00 0,00 0 lab
11:03:19 1000 2120 0,00 0,00 0,00 0 lab
11:03:20 1000 2120 0,00 0,00 0,00 0 lab
11:03:21 1000 2120 0,00 0,00 0,00 0 lab
11:03:22 1000 2120 0,00 0,00 0,00 0 lab
11:03:23 1000 2120 0,00 0,00 0,00 0 lab
11:03:24 1000 2120 0,00 0,00 0,00 0 lab
11:03:25 1000 2120 0,00 0,00 0,00 0 lab
Average: 1000 2120 0,00 34630,56 892,09 0 lab
